nsc
102816
105014
105024
109229
109724
109874
117186
118218
119875
12198
122758
122819
123127
124463
125066
125973
127716
134727
138783
1390
141540
141633
14229
143020
148958
157035
169780
170984
174939
180973
19893
218321
221019
226080
23162
23759
241240
24559
246131
25154
255109
256439
256942
26271
264137
266046
26980
27640
279836
280594
281612
287459
301739
3053
3088
308847
312887
32065
320846
326231
32982
330507
34462
34521
354258
354462
36405
365798
366140
369100
374551
376128
382456
383507
38721
409962
45388
49842
526598
59687
606698
606869
608210
609699
613327
614826
616348
618487
621867
627168
628503
629749
630176
633782
637037
638646
63878
638850
639186
6396
63984
639966
649890
656576
656889
663249
668814
673596
67574
677083
679828
681239
683863
683864
684363
686288
694501
697286
697726
697887
697912
697979
698037
701554
701852
702294
706363
706995
707389
707545
708298
710270
710297
710464
713763
71423
714597
715055
718781
719239
719276
719627
721517
724998
725776
726630
727989
728073
728165
732011
732517
733504
734325
737754
740
741078
743414
744912
745750
747167
747599
747856
747973
747974
749226
749227
750690
750691
751548
752
752782
754143
754230
755
755841
755880
755985
756645
756646
756717
756738
757027
757036
757087
757098
757348
757363
757384
757441
757804
758186
758230
758246
758252
758253
758487
758612
758645
758664
758667
758706
759155
759174
759178
759263
759274
759614
759659
759660
759850
759852
759856
759857
759877
759878
760087
760419
760766
761068
761431
761910
762
764134
764136
765435
765694
768069
77213
79037
82151
83142
85998
8806
88536
89201
90636
92339
92859
9706
